1404690192
1404692446
1404694124
1404696404
1404698387
1404698831
1404700136
1404701035
1404702444
1404704310
1404705183
1404706405
1404707695
1404709276
1404711395
1404712616
1404713864
1404715233
1404717270
1404718793
1404816718
1404818498
1404819563
1404824413
1404834166
1404835150
1404837183
1404850232
1404851568
1404852456
1404853367
1404854239
1404904476
1404905840
1404907352
1404937966
1404940100
1404950886
1404967907
1404968960
1404972709
1404974399
1404976486
1404978090
1405029519
1405038285
1405041054
1405043969
1405054753
1405057433
1405058307
1405059329
1405060385
1405061924
1405062326
1405073771
1405074791
1405076722
1405077865
1405077984
1405096697
1405097170
1405099109
1405100248
1405100957
1405101676
1405102098
1405102424
1405102943
1405104423
1405105355
1405105572
1405106510
1405107628
1405121465
1405122398
1405123048
1405123708
1405123969
1405181051
1405181528
1405182093
1405182416
1405183217
1405184165
1405388425
1405387893
1405388079
1405388804
1405389237
1405390970
1405394211
1405395341
1405395567
1405397248
1405397873
1405418136
1405419224
1405419494
1405420342
1405422402
1405423424
1405424156
1405424760
1405425336
1405427307
1405427560
1405428518
1405429226
1405430360
1405431565
1405432156
1405433112
1405434682
1405435484
1405436017
1405437692
1405438620
1419804484
